0.0336932241917
0.0340431928635
0.0302247703075
0.0265597105026
0.0333174467087
0.0330227315426
0.0277282893658
0.0233514606953
0.031278938055
0.0350248515606
0.0364001691341
0.0319119393826
0.0273109376431
0.0240752398968
0.0318854749203
0.0329327881336
0.036369562149
0.036274343729
0.0313471257687
0.029963850975
0.0296049118042
0.0302439928055
0.0335068106651
0.0355593860149
0.03496748209
0.0263863503933
0.0293044447899
0.0309573113918
0.0389250516891
0.0309839248657
0.0283994376659
0.0282660424709
0.0319359898567
0.0333616435528
0.0341040194035
0.0336399078369
0.0343235731125
0.0322116017342
0.0281153023243
0.0353854298592
0.0364390611649
0.0339404046535
0.0287959873676
0.0306864380836
0.0324212610722
0.0304781794548
0.030182570219
0.0337417423725
0.0349842905998
0.0317587852478
0.0314057469368
0.0309667289257
0.0344267487526
0.0365284979343
0.0334030687809
0.0308100581169
0.028412103653
0.0320255458355
0.0334965586662
0.0356839001179
0.0340881049633
0.0311267971992
0.0309655666351
0.0303387343884
0.0324612259865
0.0323958098888
0.0306679308414
0.0316387116909
0.0319911241531
0.0302152633667
0.0307386815548
0.0344952344894
0.034163415432
0.0337342619896
0.0361335873604
0.0345955491066
0.033243149519
0.0291625857353
0.0280931293964
0.0311153531075
0.0335511863232
0.0338648855686
0.0354293882847
0.0331036746502
0.0366106927395
0.0322997868061
0.0294282734394
0.0308212339878
0.0346962809563
0.0375279188156
0.0325856506824
0.0299610793591
0.0350558757782
0.0353796482086
0.0328245162964
0.0309520065784
0.0335313379765
0.0335828959942
0.0313184857368
0.0292146503925
0.0306602716446
0.0381478667259
0.0357805192471
0.0307994186878
0.0293552577496
0.0293970704079
0.0306937098503
0.0351012349129
0.0374622344971
0.0312166213989
0.0298561751842
0.032330095768
0.0342271625996
0.03195977211
0.0385429263115
0.0307677388191
0.0313789248466
0.0324684679508
0.0317281484604
0.0332973301411
0.0357923805714
0.0315815806389
0.0331347286701
0.0319321453571
0.0276440083981
0.0315907895565
0.031559497118
0.0362976789474
0.0349381864071
0.0311525762081
0.0277196764946
0.0294291377068
0.0292683243752
0.0295967161655
0.0317589640617
0.0338925123215
0.0391543805599
0.0391810238361
0.0363103449345
0.0299890339375
0.0285578072071
0.0291968882084
0.032678514719
0.0305583775043
0.0352464616299
0.0340700745583
0.0351819992065
0.0325812399387
0.029539257288
0.032981723547
0.0334722101688
0.0328023135662
0.0356252193451
0.0340087413788
0.0320213139057
0.0308458805084
0.0366509854794
0.0389277637005
0.0368977189064
0.034830391407
0.0299827456474
0.0245045125484
0.0262722074986
0.0376121997833
0.0397783219814
0.0380063354969
0.0274858176708
0.027675896883
0.0289513766766
0.0298907458782
0.0284357368946
0.0345914661884
0.03889092803
0.0376368165016
0.0363216400146
0.0338100194931
0.0323106944561
0.0338867008686
0.0326469540596
0.0337716042995
0.031213760376
0.0323967635632
0.0367670655251
0.0363868772984
0.0351141691208
0.0402733981609
0.0306305885315
0.0236383974552
0.0293617248535
0.0348699390888
0.0353522598743
0.0352373421192
0.036774456501
0.0365606248379
0.0287177562714
0.0312901437283
0.0331311225891
0.035726994276
0.0349143743515
0.0332866609097
0.034127920866
0.0315639078617
0.0354661345482
0.0302125513554
0.031869828701
0.0364072620869
0.0380359590054
0.0391353368759
0.035613566637
0.0316465198994
0.0324840247631
0.0301132798195
0.0291804373264
0.0374610722065
0.0428803563118
0.0367062985897
0.0362453460693
0.0319487452507
0.0260235071182
0.0257661640644
0.0331421196461
0.039106965065
0.0373268127441
0.0364297330379
0.0368426144123
0.0355530083179
0.0307030975819
0.0257194936275
0.0278673171997
0.0381191968918
0.0355980396271
0.0373048782349
0.0365600883961
0.0360779762268
0.0322930812836
0.0305409133434
0.0341569781303
0.0399437844753
0.0372768938541
0.0360154509544
0.0355174541473
0.032253831625
0.0328491032124
0.0291104018688
0.0327889919281
0.0358918905258
0.0371533334255
0.039685100317
0.0310735404491
0.0280003547668
0.0288918912411
0.0340678989887
0.0350108444691
0.0314076244831
0.0331697165966
0.0374788343906
0.0387904942036
0.0374976396561
0.0386140346527
0.0355985462666
0.0332541465759
0.0340328514576
0.0333218872547
0.0310673117638
0.0299838483334
0.0319555699825
0.033645093441
0.0337769091129
0.0344527363777
0.0373014211655
0.0382657647133
0.0404399037361
0.0390955805779
0.0325454771519
0.0318333208561
0.0327344238758
0.033473610878
0.0302865803242
0.0291582047939
0.0323580801487
0.0348750054836
0.0383633077145
0.0403057038784
0.0385445356369
0.0373094677925
0.0347954034805
0.0354408025742
0.0297958254814
0.0280591547489
0.0310763716698
0.0318388640881
0.0348667502403
0.0399499833584
0.0375962257385
0.0356204509735
0.0333727896214
0.0295107066631
0.034795165062
0.0369843244553
0.0348424315453
0.0340185463428
0.0332580208778
0.0337216854095
0.0357971787453
0.0386960506439
0.0376114249229
0.0320585072041
0.0285224914551
0.0371786952019
0.0391852855682
0.0408925712109
0.0376477241516
0.0391361713409
0.0357893705368
0.0331455171108
0.0307722389698
0.0260246992111
0.0279117226601
0.0284450352192
0.0331977903843
0.0388530194759
0.0402035117149
0.0399600863457
0.0349361002445
0.0322733819485
0.0365914702415
0.0355921983719
0.0333212018013
0.0313221812248
0.0330985784531
0.0386836826801
0.0371213257313
0.0358151495457
0.0324762165546
0.0310461521149
0.0353934168816
0.0334058105946
0.0407332181931
0.038136869669
0.0363562405109
0.0309058129787
0.032564163208
0.0365625917912
0.0394797921181
0.0387614667416
0.0371946692467
0.0314210653305
0.0335536003113
0.0380931198597
0.0351130068302
0.0344856083393
0.0319970846176
0.0317550003529
0.0270762741566
0.0319861471653
0.0342522859573
0.0404322147369
0.0391327738762
0.0385876595974
0.0366360545158
0.0379678308964
0.0383326411247
0.0335091352463
0.0282599329948
0.0281220972538
0.0279234349728
0.0332891941071
0.0343446433544
0.039133399725
0.0436881184578
0.0429655611515
0.0395100414753
0.0377613902092
0.0301800370216
0.0283565223217
0.0296749174595
0.0320689082146
0.0338894426823
0.0410378575325
0.043041229248
0.0401251316071
0.0362328290939
0.0371381044388
0.0346356034279
0.0316043794155
0.0267629027367
0.0313561558723
0.0382313132286
0.0416728258133
0.0383494198322
0.0336255431175
0.0345348119736
0.032490760088
0.0332565903664
0.0334953963757
0.0370298027992
0.0382489562035
0.0356548130512
0.0329652130604
0.032255679369
0.0374302864075
0.0364844799042
0.0394069254398
0.0380229055882
0.0339249372482
0.0310357511044
0.0399773716927
0.0386343002319
0.0346841216087
0.0347029864788
0.0324520766735
0.0331234037876
0.0359345972538
0.0354647040367
0.0381270349026
0.0390434861183
0.0385693311691
0.0354293882847
0.0301016271114
0.039103358984
0.0391534566879
0.0379390120506
0.0319980084896
0.0331248939037
0.0350683629513
0.0365597903728
0.0398416817188
0.0382456481457
0.0335047245026
0.0334280431271
0.0343830883503
0.0358036756516
0.0381964445114
0.0378766059875
0.0359047949314
0.0378012657166
0.0366828739643
0.0324029028416
0.0330756604671
0.0337469279766
0.037263661623
0.0364156663418
0.0398979783058
0.0390456020832
0.0361390411854
0.0298850536346
0.0319403409958
0.0371888279915
0.0397449731827
0.0432948768139
0.0375728309155
0.031095802784
0.0335207283497
0.0373917520046
0.0375910699368
0.0393991470337
0.0368675589561
0.0371955633163
0.0314863622189
0.0330151021481
0.0346341729164
0.0422050058842
0.0388286411762
0.0381511449814
0.0377914905548
0.0365295410156
0.0342497527599
0.0309590399265
0.0325812101364
0.0325953364372
0.0341764390469
0.0392920970917
0.0381698012352
0.0330676436424
0.0398024320602
0.0322989225388
0.0399060547352
0.0330287218094
0.0352349877357
0.0364347696304
0.0379781723022
0.0389734208584
0.038450807333
0.0363705158234
0.0340040028095
0.0326690077782
0.0331154465675
0.0394069552422
0.0395466387272
0.0369746983051
0.0345440208912
0.0366871953011
0.0289908647537
0.0375252068043
0.0458468794823
0.03918415308
0.0317252576351
0.0276820063591
0.034483641386
0.0363746881485
0.0359839200974
0.0429347455502
0.0368157923222
0.0315471887589
0.0351731479168
0.036656498909
0.037158280611
0.0370143055916
0.039103269577
0.0368096828461
0.0368668735027
0.0342243611813
