29.9951171875
29.9111328125
29.947265625
29.9814453125
29.970703125
29.947265625
29.8994140625
29.9208984375
29.900390625
29.8876953125
29.9111328125
29.9111328125
29.8994140625
29.9345703125
29.935546875
29.935546875
29.876953125
29.9111328125
29.9111328125
29.9345703125
29.9228515625
29.947265625
29.935546875
29.970703125
30.0419921875
30.0166015625
30.0751953125
30.0888671875
30.1015625
30.13671875
30.1474609375
30.1474609375
30.11328125
30.11328125
30.1474609375
30.1474609375
30.1474609375
30.13671875
29.9462890625
29.947265625
29.900390625
29.900390625
29.921875
29.921875
29.947265625
30.005859375
30.005859375
29.970703125
29.970703125
29.970703125
29.9951171875
29.9951171875
30.0546875
30.0546875
30.0546875
30.0546875
30.0166015625
30.0166015625
30.0546875
30.0546875
30.0302734375
30.0302734375
29.970703125
29.970703125
30.005859375
29.982421875
29.86328125
29.86328125
29.8046875
29.900390625
29.828125
29.828125
29.8154296875
29.8154296875
29.8046875
29.828125
29.828125
29.8876953125
29.8876953125
29.8876953125
29.875
29.875
29.875
29.8876953125
29.970703125
29.9951171875
29.9580078125
29.9951171875
29.9951171875
29.9951171875
29.9111328125
29.9111328125
29.9111328125
29.8876953125
29.828125
29.828125
29.8154296875
29.8154296875
29.828125
29.828125
29.79296875
29.79296875
29.734375
29.76953125
29.76953125
29.744140625
29.720703125
29.720703125
29.74609375
29.7216796875
29.74609375
29.74609375
29.7099609375
29.7099609375
29.6865234375
29.7685546875
29.76953125
29.7802734375
29.7802734375
29.8046875
29.8046875
29.8046875
29.8046875
29.76953125
29.7099609375
29.7099609375
29.76953125
29.720703125
29.662109375
29.6728515625
29.6728515625
29.615234375
29.615234375
29.6845703125
29.6845703125
29.6376953125
29.6376953125
29.638671875
29.638671875
29.6845703125
29.650390625
29.650390625
29.650390625
29.662109375
29.673828125
29.673828125
29.673828125
29.7333984375
29.74609375
29.74609375
29.7099609375
29.76953125
29.74609375
29.74609375
29.7568359375
29.81640625
29.8154296875
29.79296875
29.8056640625
29.8056640625
29.7802734375
29.7919921875
29.755859375
29.7578125
29.734375
29.7568359375
29.7568359375
29.7685546875
29.7568359375
29.7568359375
29.74609375
29.74609375
29.734375
29.734375
29.7802734375
29.7802734375
29.7568359375
29.720703125
29.673828125
29.673828125
29.6845703125
29.6845703125
29.626953125
29.626953125
29.6845703125
29.638671875
29.638671875
29.685546875
29.662109375
29.662109375
29.638671875
29.6845703125
29.6845703125
29.7333984375
29.697265625
29.7099609375
29.76953125
29.697265625
29.6865234375
29.76953125
29.720703125
29.74609375
29.79296875
29.74609375
29.7568359375
29.78125
29.78125
29.8173828125
29.8173828125
29.79296875
29.8515625
29.8515625
29.8994140625
29.8642578125
29.900390625
29.900390625
29.876953125
29.876953125
29.8994140625
29.9111328125
29.935546875
29.935546875
29.9833984375
29.9951171875
29.9951171875
30.005859375
30.005859375
30.0166015625
30.0166015625
30.017578125
30.0302734375
30.0302734375
30.0068359375
30.0068359375
30.005859375
30.017578125
30.0302734375
30.0302734375
30.0068359375
30.0068359375
30.052734375
30.052734375
30.0771484375
30.0771484375
30.0888671875
30.1240234375
30.1240234375
30.1015625
30.1015625
30.13671875
30.13671875
30.13671875
30.13671875
30.13671875
30.13671875
30.13671875
30.1484375
30.1484375
30.1728515625
30.1728515625
30.1962890625
30.1962890625
30.1962890625
30.1962890625
30.16015625
30.16015625
30.18359375
30.18359375
30.171875
30.171875
30.1728515625
30.1728515625
30.1484375
30.1484375
30.11328125
30.11328125
30.0419921875
30.0419921875
30.052734375
30.052734375
30.0546875
30.0546875
30.0419921875
30.078125
30.078125
30.0654296875
30.0654296875
30.041015625
30.041015625
30.0419921875
30.0419921875
30.0546875
30.0654296875
30.08984375
30.08984375
30.0654296875
30.0654296875
30.0888671875
30.0888671875
30.0771484375
30.0771484375
30.0546875
30.0771484375
30.0771484375
30.078125
30.1015625
30.11328125
30.13671875
30.13671875
30.16015625
30.16015625
30.1962890625
30.1962890625
30.267578125
30.267578125
30.25390625
30.25390625
30.2900390625
30.2900390625
30.337890625
30.337890625
30.361328125
30.361328125
30.361328125
30.361328125
30.361328125
30.361328125
30.3740234375
30.3740234375
30.3974609375
30.3974609375
30.361328125
30.361328125
30.3740234375
30.3740234375
30.2900390625
30.326171875
30.3154296875
30.302734375
30.267578125
30.267578125
30.2431640625
30.267578125
30.2548828125
30.2548828125
30.291015625
30.326171875
30.326171875
30.3271484375
30.3271484375
30.3017578125
30.3017578125
30.326171875
30.326171875
30.349609375
30.349609375
30.3388671875
30.3388671875
30.361328125
30.361328125
30.349609375
30.349609375
30.337890625
30.337890625
30.3486328125
30.3486328125
30.337890625
30.337890625
30.349609375
30.3623046875
30.3623046875
30.3388671875
30.3388671875
30.3017578125
30.2900390625
30.2900390625
30.2431640625
30.2431640625
30.2548828125
30.2548828125
30.2080078125
30.2080078125
30.2080078125
30.2314453125
30.2314453125
30.21875
30.21875
30.2314453125
30.1845703125
30.2080078125
30.2431640625
30.21875
30.21875
30.21875
30.20703125
30.20703125
30.2197265625
30.2314453125
30.267578125
30.2900390625
30.244140625
30.326171875
30.291015625
30.291015625
30.2900390625
30.3134765625
30.349609375
30.3271484375
30.349609375
30.349609375
30.3740234375
30.3740234375
30.3740234375
30.3740234375
30.4326171875
30.373046875
30.373046875
30.3134765625
30.3134765625
30.2666015625
30.244140625
30.2080078125
30.171875
30.171875
30.16015625
30.16015625
30.16015625
30.21875
30.3017578125
30.302734375
30.2431640625
30.1962890625
30.1728515625
30.1728515625
30.1728515625
30.1962890625
30.1962890625
30.2900390625
30.3134765625
30.349609375
30.291015625
30.291015625
30.1728515625
30.1376953125
30.1484375
30.1474609375
30.18359375
30.18359375
30.1376953125
30.1376953125
30.1484375
30.1474609375
30.171875
30.1962890625
30.1962890625
30.1962890625
30.2080078125
30.2080078125
30.1962890625
30.18359375
30.2197265625
30.2197265625
30.1962890625
30.2666015625
30.2314453125
30.2314453125
30.2314453125
30.2431640625
30.2431640625
30.2431640625
30.2314453125
30.2080078125
30.2666015625
30.2783203125
30.244140625
30.171875
30.171875
30.13671875
30.13671875
30.1728515625
30.2314453125
30.2666015625
30.2548828125
30.291015625
30.2900390625
30.2783203125
30.2314453125
30.244140625
30.1962890625
30.1962890625
30.1962890625
30.1376953125
30.13671875
30.1142578125
30.125
30.1484375
30.1484375
30.1240234375
30.1240234375
30.1240234375
30.08984375
30.125
30.125
30.1474609375
30.1474609375
30.2080078125
30.11328125
30.11328125
30.1728515625
30.1015625
30.1484375
30.1005859375
